drug,targets,S1,S2,S3,S4,S5,S6,S7,S8
D00411,hsa10800,2,0.237143,0.214286,0.26,3,0.208572712069273,0.112191677662044,0.329720966576049
D05129,hsa10800,2,0.327731,0.214286,0.441176,3,0.14031938840119,0.0327022314666408,0.329720966576049
D00234,hsa11255,4,0.2776785,0.125,0.375,2,0.24689915835105,0.174373902860352,0.319424413841747
D00300,hsa11255,4,0.378385,0.147059,0.56,2,0.24689915835105,0.174373902860352,0.319424413841747
D00318,hsa11255,4,0.13051475,0.111111,0.147059,2,0.219873002225915,0.120321590610083,0.319424413841747
D00494,hsa11255,4,0.368836,0.111111,0.56,10,0.194075669745985,0.110893886764345,0.319424413841747
D02566,hsa11255,4,0.37847225,0.138889,0.518519,3,0.208022251710738,0.130268438430115,0.319424413841747
D00113,hsa1128,26,0.323761692307692,0.125,0.72,4,0.442692825800025,0.422775642481663,0.470677026332781
D00232,hsa1128,26,0.217221615384615,0.105263,0.535714,2,0.438201150892996,0.422775642481663,0.45362665930433
D00274,hsa1128,26,0.307264538461538,0.162162,0.444444,2,0.278064400730098,0.133353158978532,0.422775642481663
D00283,hsa1128,26,0.341699923076923,0.0625,0.612903,24,0.16711075165064,0.112766499278291,0.422775642481663
D00397,hsa1128,26,0.299567730769231,0.066667,0.451613,2,0.423233808781495,0.422775642481663,0.423691975081326
D00454,hsa1128,26,0.311172307692308,0.064516,0.607143,21,0.207200245313915,0.112766499278291,0.470677026332781
D00465,hsa1128,26,0.314839961538462,0.18,0.515152,1,0.422775642481663,0.422775642481663,0.422775642481663
D00494,hsa1128,26,0.340793769230769,0.108108,0.76,10,0.280591179164309,0.112766499278291,0.470677026332781
D00524,hsa1128,26,0.142964076923077,0.033333,0.333333,2,0.238540800387238,0.0543059582928129,0.422775642481663
D00540,hsa1128,26,0.321369692307692,0.14,0.642857,1,0.422775642481663,0.422775642481663,0.422775642481663
D00646,hsa1128,26,0.320344153846154,0.147059,0.5,1,0.422775642481663,0.422775642481663,0.422775642481663
D00726,hsa1128,26,0.224767923076923,0.111111,0.444444,14,0.150733296718228,0.0543059582928129,0.213668662008649
D00779,hsa1128,26,0.275161692307692,0.0625,0.483871,1,0.422775642481663,0.422775642481663,0.422775642481663
D01871,hsa1128,26,0.362076461538462,0.09375,0.566667,4,0.442692825800025,0.422775642481663,0.470677026332781
D02070,hsa1128,26,0.335388192307692,0.145833,0.72,4,0.442692825800025,0.422775642481663,0.470677026332781
D02327,hsa1128,26,0.281614346153846,0.131579,0.454545,1,0.203440198188876,0.203440198188876,0.203440198188876
D02354,hsa1128,26,0.378199307692308,0.117647,0.612903,10,0.269985823935245,0.112766499278291,0.470677026332781
D02356,hsa1128,26,0.237355884615385,0.125,0.425,6,0.199342749565857,0.126339881978936,0.422775642481663
D02361,hsa1128,26,0.325789615384615,0.129032,0.76,13,0.238325782014774,0.112766499278291,0.470677026332781
D03621,hsa1128,26,0.362117307692308,0.033333,0.653846,3,0.359947499991623,0.203440198188876,0.45362665930433
D03858,hsa1128,26,0.357593269230769,0.0625,0.653846,2,0.438201150892996,0.422775642481663,0.45362665930433
D00113,hsa1129,20,0.3102735,0.125,0.72,4,0.43831747913811,0.385521853019105,0.558752782213286
D00232,hsa1129,20,0.21290525,0.105263,0.535714,2,0.404148747750384,0.385521853019105,0.422775642481663
D00274,hsa1129,20,0.29354325,0.145161,0.439024,2,0.272363243646254,0.121950844810844,0.422775642481663
D00283,hsa1129,20,0.33681215,0.0625,0.612903,24,0.157214658295365,0.0990571864062886,0.422775642481663
D00397,hsa1129,20,0.2734251,0.052632,0.451613,2,0.490764212347474,0.422775642481663,0.558752782213286
D00454,hsa1129,20,0.3080864,0.064516,0.607143,21,0.195797908466386,0.0990571864062886,0.558752782213286
D00465,hsa1129,20,0.30706765,0.159091,0.515152,1,0.422775642481663,0.422775642481663,0.422775642481663
D00494,hsa1129,20,0.31811445,0.072727,0.76,10,0.275227210554705,0.114146558756297,0.558752782213286
D00524,hsa1129,20,0.1358494,0.033333,0.333333,2,0.235235133365939,0.0476946242502159,0.422775642481663
D00540,hsa1129,20,0.3140706,0.14,0.642857,1,0.422775642481663,0.422775642481663,0.422775642481663
D00646,hsa1129,20,0.30836025,0.086207,0.5,1,0.422775642481663,0.422775642481663,0.422775642481663
D00779,hsa1129,20,0.2745435,0.0625,0.483871,1,0.422775642481663,0.422775642481663,0.422775642481663
D01871,hsa1129,20,0.34125935,0.09375,0.566667,4,0.43831747913811,0.385521853019105,0.558752782213286
D02070,hsa1129,20,0.32280985,0.145833,0.72,4,0.43831747913811,0.385521853019105,0.558752782213286
D02354,hsa1129,20,0.3728858,0.117647,0.612903,10,0.265014574645314,0.112025674486825,0.558752782213286
D02356,hsa1129,20,0.2350889,0.058824,0.425,6,0.188595831847009,0.114093247508238,0.422775642481663
D02361,hsa1129,20,0.3090347,0.086207,0.76,13,0.233376844394282,0.112025674486825,0.558752782213286
D03621,hsa1129,20,0.3511658,0.033333,0.653846,3,0.339673626155532,0.210723382965829,0.422775642481663
D03858,hsa1129,20,0.3470239,0.0625,0.653846,2,0.404148747750384,0.385521853019105,0.422775642481663
D00113,hsa1131,11,0.328284454545455,0.184211,0.72,4,0.423098443867776,0.383972611127378,0.469272652020292
D00232,hsa1131,11,0.211322727272727,0.108108,0.535714,2,0.419574256161718,0.385521853019105,0.45362665930433
D00454,hsa1131,11,0.347137363636364,0.131579,0.53125,21,0.180690666138184,0.101648334153595,0.469272652020292
D00494,hsa1131,11,0.37005,0.108108,0.76,10,0.257452568494911,0.109950886831578,0.469272652020292
D01871,hsa1131,11,0.399059363636364,0.153846,0.545455,4,0.423098443867776,0.383972611127378,0.469272652020292
D02070,hsa1131,11,0.334132,0.179487,0.72,4,0.423098443867776,0.383972611127378,0.469272652020292
D02354,hsa1131,11,0.420442454545455,0.2,0.545455,10,0.247450357764357,0.105977733659102,0.469272652020292
D02361,hsa1131,11,0.347547363636364,0.153846,0.76,13,0.217670179529325,0.105977733659102,0.469272652020292
D03621,hsa1131,11,0.426035545454545,0.138889,0.653846,3,0.341466875276046,0.185252113504702,0.45362665930433
D03858,hsa1131,11,0.411640545454545,0.128205,0.653846,2,0.419574256161718,0.385521853019105,0.45362665930433
D00113,hsa1132,7,0.319453,0.184211,0.72,4,0.443541555402661,0.383972611127378,0.558752782213286
D00397,hsa1132,7,0.326097428571429,0.228571,0.413793,2,0.491222378647306,0.423691975081326,0.558752782213286
D00454,hsa1132,7,0.351629285714286,0.264706,0.53125,21,0.19929653867343,0.0984320642289962,0.558752782213286
D00494,hsa1132,7,0.423983428571429,0.2,0.76,10,0.277414903319166,0.117490217663285,0.558752782213286
D01871,hsa1132,7,0.40507,0.285714,0.545455,4,0.443541555402661,0.383972611127378,0.558752782213286
D02070,hsa1132,7,0.313267428571429,0.179487,0.72,4,0.443541555402661,0.383972611127378,0.558752782213286
D02354,hsa1132,7,0.427312857142857,0.25641,0.545455,10,0.269235146408268,0.117490217663285,0.558752782213286
D02361,hsa1132,7,0.400207714285714,0.179487,0.76,13,0.236824528678195,0.117490217663285,0.558752782213286
D00113,hsa1133,6,0.320611833333333,0.184211,0.72,4,0.433479542595029,0.386219638838388,0.470677026332781
D00454,hsa1133,6,0.3661165,0.264706,0.53125,21,0.188315406474394,0.106417843067026,0.470677026332781
D00494,hsa1133,6,0.425681833333333,0.2,0.76,10,0.263723612584736,0.106417843067026,0.470677026332781
D01871,hsa1133,6,0.418660166666667,0.285714,0.545455,4,0.433479542595029,0.386219638838388,0.470677026332781
D02070,hsa1133,6,0.3273835,0.179487,0.72,4,0.433479542595029,0.386219638838388,0.470677026332781
D02354,hsa1133,6,0.442976166666667,0.25641,0.545455,10,0.255338453148428,0.106417843067026,0.470677026332781
D02361,hsa1133,6,0.399200666666667,0.179487,0.76,13,0.223769364151071,0.106417843067026,0.470677026332781
D00227,hsa134,4,0.3530925,0.05,0.53125,2,0.444719277258647,0.412193047930497,0.477245506586798
D00332,hsa134,4,0.04759875,0,0.071429,1,0.117543284697243,0.117543284697243,0.117543284697243
D00528,hsa134,4,0.4383915,0,0.684211,13,0.163396922208116,0.0713690651724862,0.477245506586798
D01712,hsa134,4,0.44402525,0.071429,0.684211,1,0.412193047930497,0.412193047930497,0.412193047930497
D02884,hsa134,4,0.464728,0.068966,0.65,1,0.412193047930497,0.412193047930497,0.412193047930497
D00227,hsa135,3,0.454123333333333,0.411765,0.53125,2,0.375026132908758,0.337859217887019,0.412193047930497
D00528,hsa135,3,0.584522,0.419355,0.684211,13,0.149253081079331,0.0546261894063439,0.513952070199664
D01712,hsa135,3,0.568224,0.411765,0.684211,1,0.412193047930497,0.412193047930497,0.412193047930497
D02884,hsa135,3,0.596648666666667,0.53125,0.65,1,0.412193047930497,0.412193047930497,0.412193047930497
D00528,hsa136,2,0.677778,0.555556,0.8,13,0.155949034254121,0.0582294031453474,0.513952070199664
D00227,hsa140,1,0.419355,0.419355,0.419355,2,0.407552362236908,0.337859217887019,0.477245506586798
D00528,hsa140,1,0.419355,0.419355,0.419355,13,0.147159256657481,0.031808840521601,0.477245506586798
D00255,hsa146,24,0.249003666666667,0.048387,0.411765,7,0.266823561575748,0.174358020990416,0.435373958198939
D00281,hsa146,24,0.222966875,0.042553,0.933333,5,0.280256544692262,0.174358020990416,0.435373958198939
D00283,hsa146,24,0.311996708333333,0.074074,0.62963,24,0.200840084312829,0.104213314577451,0.435373958198939
D00426,hsa146,24,0.240574125,0.122449,0.394737,3,0.337461017179191,0.156202896266647,0.435373958198939
D00437,hsa146,24,0.171106208333333,0,0.25641,8,0.244742474920251,0.0901748683317724,0.435373958198939
D00454,hsa146,24,0.281920583333333,0.075472,0.607143,21,0.191634543495523,0.104213314577451,0.435373958198939
D00509,hsa146,24,0.265701625,0.12963,0.361111,5,0.280256544692262,0.174358020990416,0.435373958198939
D00513,hsa146,24,0.243392416666667,0.06,0.411765,18,0.224282106872155,0.144790679260254,0.435373958198939
D00604,hsa146,24,0.221408208333333,0.041667,0.933333,3,0.181700856063462,0.174358020990416,0.194233874210128
D00607,hsa146,24,0.0981237083333333,0.016949,0.658537,5,0.280256544692262,0.174358020990416,0.435373958198939
D00609,hsa146,24,0.257513208333333,0.103448,0.416667,5,0.280256544692262,0.174358020990416,0.435373958198939
D00996,hsa146,24,0.232508541666667,0.042553,0.541667,8,0.257749850655046,0.174358020990416,0.435373958198939
D01020,hsa146,24,0.232814333333333,0.02,0.428571,2,0.428090077635462,0.420806197071986,0.435373958198939
D01022,hsa146,24,0.226230291666667,0.057692,0.352941,5,0.280256544692262,0.174358020990416,0.435373958198939
D01024,hsa146,24,0.294414083333333,0.103448,0.52381,2,0.428090077635462,0.420806197071986,0.435373958198939
D01051,hsa146,24,0.255439583333333,0.125,0.444444,5,0.291824662951969,0.156202896266647,0.435373958198939
D01358,hsa146,24,0.321439333333333,0.098039,0.708333,3,0.337461017179191,0.156202896266647,0.435373958198939
D01603,hsa146,24,0.201945583333333,0.114754,0.377778,5,0.280256544692262,0.174358020990416,0.435373958198939
D01713,hsa146,24,0.28730225,0.078431,0.708333,7,0.240254416122264,0.104213314577451,0.435373958198939
D01965,hsa146,24,0.27179475,0.09375,0.52381,2,0.428090077635462,0.420806197071986,0.435373958198939
D02149,hsa146,24,0.176728833333333,0.035714,0.541667,8,0.257749850655046,0.174358020990416,0.435373958198939
D02234,hsa146,24,0.20798375,0.090909,0.358491,2,0.428090077635462,0.420806197071986,0.435373958198939
D02237,hsa146,24,0.114190041666667,0,0.658537,5,0.280256544692262,0.174358020990416,0.435373958198939
D02356,hsa146,24,0.228253083333333,0.030303,0.44186,6,0.241246996456393,0.114093247508238,0.435373958198939
D02361,hsa146,24,0.282346458333333,0.035088,0.472222,13,0.18656040145408,0.104213314577451,0.435373958198939
D00255,hsa147,23,0.253140956521739,0.048387,0.411765,7,0.278670053805589,0.187603132554024,0.457300718408287
D00281,hsa147,23,0.192081391304348,0.042553,0.307692,5,0.293698947829842,0.187603132554024,0.457300718408287
D00283,hsa147,23,0.313967565217391,0.074074,0.62963,24,0.214412698313077,0.101528116272236,0.457300718408287
D00426,hsa147,23,0.243024695652174,0.122449,0.394737,3,0.360356275985942,0.1883941513506,0.457300718408287
D00437,hsa147,23,0.169322956521739,0,0.25641,8,0.257835320117732,0.111992184302735,0.457300718408287
D00454,hsa147,23,0.284033086956522,0.075472,0.607143,21,0.20009980716375,0.101528116272236,0.457300718408287
D00509,hsa147,23,0.265025608695652,0.12963,0.361111,5,0.293698947829842,0.187603132554024,0.457300718408287
D00513,hsa147,23,0.244312869565217,0.06,0.411765,18,0.23897093243382,0.168158569790781,0.457300718408287
D00607,hsa147,23,0.100578347826087,0.016949,0.658537,5,0.293698947829842,0.187603132554024,0.457300718408287
D00609,hsa147,23,0.260483826086957,0.103448,0.416667,5,0.293698947829842,0.187603132554024,0.457300718408287
D00996,hsa147,23,0.233559652173913,0.042553,0.541667,8,0.268443054295458,0.187603132554024,0.457300718408287
D01020,hsa147,23,0.23457547826087,0.02,0.428571,2,0.446337338303613,0.435373958198939,0.457300718408287
D01022,hsa147,23,0.221016217391304,0.057692,0.352941,5,0.293698947829842,0.187603132554024,0.457300718408287
D01024,hsa147,23,0.300349695652174,0.103448,0.52381,2,0.446337338303613,0.435373958198939,0.457300718408287
D01051,hsa147,23,0.258320043478261,0.125,0.444444,5,0.312059255601232,0.1883941513506,0.457300718408287
D01358,hsa147,23,0.322992608695652,0.098039,0.708333,3,0.360356275985942,0.1883941513506,0.457300718408287
D01603,hsa147,23,0.205670217391304,0.114754,0.377778,5,0.293698947829842,0.187603132554024,0.457300718408287
D01713,hsa147,23,0.286911217391304,0.078431,0.708333,7,0.255311202255562,0.101528116272236,0.457300718408287
D01965,hsa147,23,0.274067913043478,0.09375,0.52381,2,0.446337338303613,0.435373958198939,0.457300718408287
D02149,hsa147,23,0.179297608695652,0.035714,0.541667,8,0.268443054295458,0.187603132554024,0.457300718408287
D02234,hsa147,23,0.208975,0.090909,0.358491,2,0.446337338303613,0.435373958198939,0.457300718408287
D02237,hsa147,23,0.11726447826087,0,0.658537,5,0.293698947829842,0.187603132554024,0.457300718408287
D02356,hsa147,23,0.234224565217391,0.030303,0.44186,6,0.255668783312458,0.128586145546258,0.457300718408287
D02361,hsa147,23,0.28822852173913,0.035088,0.472222,13,0.19660786976521,0.101528116272236,0.457300718408287
D00095,hsa148,31,0.247862806451613,0.043478,0.928571,2,0.238957245597972,0.232145206839278,0.245769284356666
D00255,hsa148,31,0.262351741935484,0.039216,0.428571,7,0.281742066029506,0.188955390704787,0.457300718408287
D00281,hsa148,31,0.192415870967742,0.042553,0.307692,5,0.290781230504811,0.188955390704787,0.457300718408287
D00283,hsa148,31,0.315823612903226,0.074074,0.62963,24,0.222722100886419,0.123439562868129,0.457300718408287
D00426,hsa148,31,0.247313387096774,0.122449,0.394737,3,0.351732035604892,0.177089191334404,0.457300718408287
D00437,hsa148,31,0.173727,0,0.305556,8,0.261589127347345,0.120518556572216,0.457300718408287
D00454,hsa148,31,0.284499064516129,0.075472,0.607143,21,0.207299358775948,0.123439562868129,0.457300718408287
D00494,hsa148,31,0.310996290322581,0.018519,0.76,10,0.144348800902149,0.123439562868129,0.185643146215231
D00503,hsa148,31,0.314596258064516,0.107143,0.612903,3,0.213549306635372,0.185643146215231,0.23539042259194
D00509,hsa148,31,0.261638225806452,0.113636,0.361111,5,0.290781230504811,0.188955390704787,0.457300718408287
D00513,hsa148,31,0.250276677419355,0.051282,0.411765,18,0.246674225294861,0.159631279284593,0.457300718408287
D00607,hsa148,31,0.0960353870967742,0.016949,0.658537,5,0.290781230504811,0.188955390704787,0.457300718408287
D00609,hsa148,31,0.265369548387097,0.103448,0.567568,5,0.290781230504811,0.188955390704787,0.457300718408287
D00996,hsa148,31,0.255951580645161,0.042553,0.928571,8,0.271036291327384,0.188955390704787,0.457300718408287
D01020,hsa148,31,0.239428483870968,0.02,0.428571,2,0.439053457740136,0.420806197071986,0.457300718408287
D01022,hsa148,31,0.225330806451613,0.057692,0.352941,5,0.290781230504811,0.188955390704787,0.457300718408287
D01024,hsa148,31,0.304798967741936,0.04,0.52381,2,0.439053457740136,0.420806197071986,0.457300718408287
D01051,hsa148,31,0.264714870967742,0.125,0.513514,5,0.310108698442532,0.177089191334404,0.457300718408287
D01358,hsa148,31,0.325787870967742,0.098039,0.708333,3,0.351732035604892,0.177089191334404,0.457300718408287
D01603,hsa148,31,0.200339741935484,0.018182,0.377778,5,0.290781230504811,0.188955390704787,0.457300718408287
D01713,hsa148,31,0.285654935483871,0.078431,0.708333,7,0.25682505987759,0.123439562868129,0.457300718408287
D01965,hsa148,31,0.28082264516129,0.074074,0.52381,2,0.439053457740136,0.420806197071986,0.457300718408287
D02149,hsa148,31,0.189177064516129,0.035714,0.565217,8,0.271036291327384,0.188955390704787,0.457300718408287
D02234,hsa148,31,0.206742935483871,0.090909,0.358491,2,0.439053457740136,0.420806197071986,0.457300718408287
D02237,hsa148,31,0.111748838709677,0,0.658537,5,0.290781230504811,0.188955390704787,0.457300718408287
D02356,hsa148,31,0.244774322580645,0.030303,0.44186,6,0.256189215614402,0.138251171956855,0.457300718408287
D02361,hsa148,31,0.30736835483871,0.035088,0.76,13,0.202374952751311,0.123439562868129,0.457300718408287
D02566,hsa148,31,0.320737129032258,0.098039,0.555556,3,0.138373775773181,0.123439562868129,0.161413326021298
D02910,hsa148,31,0.267562903225807,0.038462,0.447368,1,0.232145206839278,0.232145206839278,0.232145206839278
D00136,hsa150,28,0.257363964285714,0.085106,0.441176,3,0.322124373983544,0.238230689215673,0.464912501525926
D00255,hsa150,28,0.23506525,0.048387,0.411765,7,0.224175379140353,0.153991261678963,0.464912501525926
D00270,hsa150,28,0.284199892857143,0.037037,0.538462,6,0.239418397832956,0.136585625862236,0.464912501525926
D00281,hsa150,28,0.233840714285714,0.042553,0.933333,5,0.302148055083957,0.176510672989843,0.488998837935813
D00283,hsa150,28,0.28436725,0.074074,0.607143,24,0.201134144678221,0.133119294057334,0.464912501525926
D00332,hsa150,28,0.0890503214285714,0,0.1875,1,0.117543284697243,0.117543284697243,0.117543284697243
D00437,hsa150,28,0.162385714285714,0,0.351351,8,0.207681872472381,0.0922273257965777,0.464912501525926
D00454,hsa150,28,0.259107607142857,0.075472,0.607143,21,0.194872486967624,0.136585625862236,0.464912501525926
D00509,hsa150,28,0.263331321428571,0.085714,0.529412,5,0.302148055083957,0.176510672989843,0.488998837935813
D00513,hsa150,28,0.242452214285714,0.06,0.411765,18,0.205242798105036,0.133119294057334,0.464912501525926
D00563,hsa150,28,0.27222175,0.1,0.6,3,0.252690674436115,0.136585625862236,0.464912501525926
D00604,hsa150,28,0.230976321428571,0.041667,0.933333,3,0.376807337483861,0.176510672989843,0.488998837935813
D00606,hsa150,28,0.205949214285714,0.076923,0.666667,2,0.47695566973087,0.464912501525926,0.488998837935813
D00607,hsa150,28,0.0906824285714286,0,0.658537,5,0.302148055083957,0.176510672989843,0.488998837935813
D00609,hsa150,28,0.234229214285714,0.103448,0.416667,5,0.302148055083957,0.176510672989843,0.488998837935813
D00613,hsa150,28,0.247581571428571,0.085714,0.529412,4,0.321865744661652,0.157479558935953,0.488998837935813
D00996,hsa150,28,0.237004392857143,0.04,0.541667,8,0.257278311489786,0.153991261678963,0.488998837935813
D01022,hsa150,28,0.217004785714286,0.057692,0.352941,5,0.302148055083957,0.176510672989843,0.488998837935813
D01603,hsa150,28,0.186721785714286,0.046512,0.311111,5,0.302148055083957,0.176510672989843,0.488998837935813
D01713,hsa150,28,0.267549,0.078431,0.6,7,0.213418816745891,0.136585625862236,0.464912501525926
D02076,hsa150,28,0.216727821428571,0.050847,0.428571,2,0.47695566973087,0.464912501525926,0.488998837935813
D02149,hsa150,28,0.192833928571429,0.035714,0.541667,8,0.257278311489786,0.153991261678963,0.488998837935813
D02237,hsa150,28,0.0967157142857143,0,0.658537,5,0.302148055083957,0.176510672989843,0.488998837935813
D02356,hsa150,28,0.206371,0.030303,0.421053,6,0.230507421433793,0.169425511197663,0.464912501525926
D03274,hsa150,28,0.235347321428571,0.027778,0.787234,2,0.47695566973087,0.464912501525926,0.488998837935813
D04034,hsa150,28,0.215183357142857,0.025641,0.787234,2,0.47695566973087,0.464912501525926,0.488998837935813
D00136,hsa151,24,0.269885291666667,0.085106,0.441176,3,0.310790608741315,0.224826549141989,0.464912501525926
D00255,hsa151,24,0.243112583333333,0.048387,0.411765,7,0.213862734292942,0.14457166803813,0.464912501525926
D00270,hsa151,24,0.294096916666667,0.037037,0.538462,6,0.22751394425727,0.138125630432341,0.464912501525926
D00281,hsa151,24,0.237043791666667,0.042553,0.933333,5,0.292737828636701,0.174358020990416,0.464912501525926
D00283,hsa151,24,0.298276083333333,0.074074,0.607143,24,0.191830106887037,0.129131610931173,0.464912501525926
D00437,hsa151,24,0.159844541666667,0,0.21875,8,0.198903146289869,0.094186030268357,0.464912501525926
D00454,hsa151,24,0.269331708333333,0.075472,0.607143,21,0.185106221152296,0.126320100090586,0.464912501525926
D00509,hsa151,24,0.27650325,0.12963,0.529412,5,0.292737828636701,0.174358020990416,0.464912501525926
D00513,hsa151,24,0.238270125,0.06,0.411765,18,0.195265146103084,0.140310072717326,0.464912501525926
D00563,hsa151,24,0.285264458333333,0.1,0.6,3,0.254847597333211,0.14290371397515,0.464912501525926
D00604,hsa151,24,0.23521975,0.041667,0.933333,3,0.361779344234337,0.174358020990416,0.464912501525926
D00606,hsa151,24,0.193504125,0.108696,0.409091,2,0.455490005856298,0.446067510186669,0.464912501525926
D00607,hsa151,24,0.093364,0.016949,0.658537,5,0.292737828636701,0.174358020990416,0.464912501525926
D00609,hsa151,24,0.243803666666667,0.103448,0.416667,5,0.292737828636701,0.174358020990416,0.464912501525926
D00613,hsa151,24,0.262591583333333,0.134615,0.529412,4,0.30019703426428,0.138125630432341,0.464912501525926
D00996,hsa151,24,0.236236208333333,0.042553,0.541667,8,0.242888331279658,0.14457166803813,0.464912501525926
D01022,hsa151,24,0.222473041666667,0.057692,0.352941,5,0.292737828636701,0.174358020990416,0.464912501525926
D01603,hsa151,24,0.191188583333333,0.114754,0.311111,5,0.292737828636701,0.174358020990416,0.464912501525926
D01713,hsa151,24,0.279473708333333,0.078431,0.6,7,0.210442833293823,0.14290371397515,0.464912501525926
D02076,hsa151,24,0.223328416666667,0.050847,0.428571,2,0.455490005856298,0.446067510186669,0.464912501525926
D02149,hsa151,24,0.192886291666667,0.035714,0.541667,8,0.242888331279658,0.14457166803813,0.464912501525926
D02237,hsa151,24,0.0997955,0,0.658537,5,0.292737828636701,0.174358020990416,0.464912501525926
D02356,hsa151,24,0.21207925,0.030303,0.421053,6,0.22604476464663,0.155620606730202,0.464912501525926
D03274,hsa151,24,0.24965725,0.027778,0.787234,2,0.455490005856298,0.446067510186669,0.464912501525926
D04034,hsa151,24,0.228888166666667,0.025641,0.787234,2,0.455490005856298,0.446067510186669,0.464912501525926
D00281,hsa152,14,0.246251785714286,0.042553,0.933333,5,0.304450029693936,0.194233874210128,0.488998837935813
D00509,hsa152,14,0.261278,0.12963,0.529412,5,0.304450029693936,0.194233874210128,0.488998837935813
D00604,hsa152,14,0.248389714285714,0.041667,0.933333,3,0.376433407444203,0.194233874210128,0.488998837935813
D00606,hsa152,14,0.196467928571429,0.108696,0.409091,2,0.467533174061241,0.446067510186669,0.488998837935813
D00607,hsa152,14,0.113603785714286,0.025641,0.658537,5,0.304450029693936,0.194233874210128,0.488998837935813
D00609,hsa152,14,0.2006205,0.103448,0.309524,5,0.304450029693936,0.194233874210128,0.488998837935813
D00613,hsa152,14,0.252446214285714,0.134615,0.529412,4,0.312912544155379,0.147305642561901,0.488998837935813
D00996,hsa152,14,0.230433928571429,0.042553,0.541667,8,0.253799395868163,0.144010767114237,0.488998837935813
D01022,hsa152,14,0.224382214285714,0.057692,0.352941,5,0.304450029693936,0.194233874210128,0.488998837935813
D01603,hsa152,14,0.165547071428571,0.114754,0.311111,5,0.304450029693936,0.194233874210128,0.488998837935813
D02076,hsa152,14,0.232665071428571,0.050847,0.428571,2,0.467533174061241,0.446067510186669,0.488998837935813
D02149,hsa152,14,0.199511928571429,0.035714,0.541667,8,0.253799395868163,0.144010767114237,0.488998837935813
D02237,hsa152,14,0.117383071428571,0.026316,0.658537,5,0.304450029693936,0.194233874210128,0.488998837935813
D03274,hsa152,14,0.214613357142857,0.027778,0.787234,2,0.467533174061241,0.446067510186669,0.488998837935813
D04034,hsa152,14,0.201667071428571,0.025641,0.787234,2,0.467533174061241,0.446067510186669,0.488998837935813
D00095,hsa153,30,0.358257,0.12,0.928571,2,0.333225516923244,0.232145206839278,0.43430582700721
D00235,hsa153,30,0.3938154,0.157895,0.727273,1,0.43430582700721,0.43430582700721,0.43430582700721
D00255,hsa153,30,0.313414266666667,0.145833,0.472222,7,0.271641692076769,0.167190765258552,0.43430582700721
D00432,hsa153,30,0.339007866666667,0.192308,0.538462,2,0.42876865894883,0.42323149089045,0.43430582700721
D00437,hsa153,30,0.1808705,0.092308,0.289474,8,0.24815510165979,0.0837489687409376,0.43430582700721
D00454,hsa153,30,0.208278766666667,0.129032,0.314286,21,0.207553726930318,0.11983607753572,0.43430582700721
D00483,hsa153,30,0.425613066666667,0.213333,0.809524,2,0.42876865894883,0.42323149089045,0.43430582700721
D00513,hsa153,30,0.410356066666667,0.194444,0.809524,18,0.233720402195549,0.160627010291129,0.43430582700721
D00598,hsa153,30,0.396639,0.170732,0.88,1,0.43430582700721,0.43430582700721,0.43430582700721
D00601,hsa153,30,0.312805833333333,0.123077,0.88,1,0.43430582700721,0.43430582700721,0.43430582700721
D00632,hsa153,30,0.411891166666667,0.142857,0.956522,1,0.43430582700721,0.43430582700721,0.43430582700721
D00635,hsa153,30,0.308068166666667,0.126984,0.88,1,0.43430582700721,0.43430582700721,0.43430582700721
D00645,hsa153,30,0.291053166666667,0.158537,0.424242,1,0.43430582700721,0.43430582700721,0.43430582700721
D00996,hsa153,30,0.3633621,0.118421,0.928571,8,0.261057366012796,0.167190765258552,0.43430582700721
D01390,hsa153,30,0.433924433333333,0.144737,1,2,0.42876865894883,0.42323149089045,0.43430582700721
D01454,hsa153,30,0.3865245,0.153846,0.56,2,0.42876865894883,0.42323149089045,0.43430582700721
D02066,hsa153,30,0.3288582,0.192308,0.439024,2,0.42876865894883,0.42323149089045,0.43430582700721
D02149,hsa153,30,0.303449133333333,0.13253,0.617647,8,0.261057366012796,0.167190765258552,0.43430582700721
D02150,hsa153,30,0.433924433333333,0.144737,1,2,0.42876865894883,0.42323149089045,0.43430582700721
D02338,hsa153,30,0.372801733333333,0.17284,0.592593,2,0.42876865894883,0.42323149089045,0.43430582700721
D02342,hsa153,30,0.391367233333333,0.153846,0.68,1,0.43430582700721,0.43430582700721,0.43430582700721
D02374,hsa153,30,0.3215326,0.157895,0.518519,2,0.42876865894883,0.42323149089045,0.43430582700721
D02910,hsa153,30,0.2757488,0.148936,0.418605,1,0.232145206839278,0.232145206839278,0.232145206839278
D03415,hsa153,30,0.1863687,0.103448,0.364865,2,0.42876865894883,0.42323149089045,0.43430582700721
D03490,hsa153,30,0.380119266666667,0.166667,0.88,1,0.43430582700721,0.43430582700721,0.43430582700721
D03879,hsa153,30,0.410625133333333,0.146341,0.956522,2,0.42876865894883,0.42323149089045,0.43430582700721
D03880,hsa153,30,0.2852528,0.092308,0.591837,1,0.43430582700721,0.43430582700721,0.43430582700721
D03881,hsa153,30,0.358785566666667,0.117647,0.6875,1,0.43430582700721,0.43430582700721,0.43430582700721
D00095,hsa154,34,0.354145647058824,0.12,0.928571,2,0.340037555681938,0.245769284356666,0.43430582700721
D00235,hsa154,34,0.364384352941176,0.157895,0.615385,1,0.43430582700721,0.43430582700721,0.43430582700721
D00255,hsa154,34,0.306839794117647,0.145833,0.428571,7,0.256511360511282,0.14457166803813,0.43430582700721
D00432,hsa154,34,0.328621,0.192308,0.538462,2,0.404431884014808,0.374557941022405,0.43430582700721
D00437,hsa154,34,0.175397382352941,0.092308,0.289474,8,0.236280606314508,0.094665326937091,0.43430582700721
D00454,hsa154,34,0.204632088235294,0.129032,0.314286,21,0.197463193153648,0.122504331829762,0.43430582700721
D00483,hsa154,34,0.402473705882353,0.213333,0.809524,2,0.404431884014808,0.374557941022405,0.43430582700721
D00513,hsa154,34,0.386090058823529,0.194444,0.809524,18,0.226852214876932,0.14457166803813,0.43430582700721
D00598,hsa154,34,0.367632647058823,0.170732,0.88,1,0.43430582700721,0.43430582700721,0.43430582700721
D00601,hsa154,34,0.314380794117647,0.123077,0.88,1,0.43430582700721,0.43430582700721,0.43430582700721
D00632,hsa154,34,0.406450029411765,0.142857,0.956522,1,0.43430582700721,0.43430582700721,0.43430582700721
D00635,hsa154,34,0.310230823529412,0.126984,0.88,1,0.43430582700721,0.43430582700721,0.43430582700721
D00645,hsa154,34,0.288329676470588,0.158537,0.393939,1,0.43430582700721,0.43430582700721,0.43430582700721
D00996,hsa154,34,0.358824058823529,0.118421,0.928571,8,0.242448786336652,0.144010767114237,0.43430582700721
D01390,hsa154,34,0.415921323529412,0.144737,1,2,0.404431884014808,0.374557941022405,0.43430582700721
D01454,hsa154,34,0.366558794117647,0.153846,0.565217,2,0.404431884014808,0.374557941022405,0.43430582700721
D02066,hsa154,34,0.347615941176471,0.190476,0.688889,2,0.404431884014808,0.374557941022405,0.43430582700721
D02149,hsa154,34,0.304516205882353,0.13253,0.617647,8,0.242448786336652,0.144010767114237,0.43430582700721
D02150,hsa154,34,0.415921323529412,0.144737,1,2,0.404431884014808,0.374557941022405,0.43430582700721
D02338,hsa154,34,0.346867470588235,0.17284,0.592593,2,0.404431884014808,0.374557941022405,0.43430582700721
D02342,hsa154,34,0.372095411764706,0.153846,0.678571,1,0.43430582700721,0.43430582700721,0.43430582700721
D02374,hsa154,34,0.304027735294118,0.157895,0.518519,2,0.404431884014808,0.374557941022405,0.43430582700721
D03415,hsa154,34,0.191242823529412,0.103448,0.369048,2,0.404431884014808,0.374557941022405,0.43430582700721
D03490,hsa154,34,0.355601029411765,0.166667,0.88,1,0.43430582700721,0.43430582700721,0.43430582700721
D03879,hsa154,34,0.405962176470588,0.146341,0.956522,2,0.404431884014808,0.374557941022405,0.43430582700721
D03880,hsa154,34,0.288943058823529,0.092308,0.591837,1,0.43430582700721,0.43430582700721,0.43430582700721
D03881,hsa154,34,0.361417529411765,0.117647,0.6875,1,0.43430582700721,0.43430582700721,0.43430582700721
D00255,hsa155,15,0.305435133333333,0.145833,0.428571,7,0.264024689766364,0.167655073757077,0.42323149089045
D00432,hsa155,15,0.348328133333333,0.192308,0.538462,2,0.398894715956428,0.374557941022405,0.42323149089045
D00437,hsa155,15,0.190951333333333,0.103448,0.257143,8,0.241867459727096,0.0867668494522146,0.42323149089045
D00454,hsa155,15,0.213878133333333,0.148148,0.3,21,0.200683776794297,0.113656367300874,0.42323149089045
D00483,hsa155,15,0.433398533333333,0.213333,0.809524,2,0.398894715956428,0.374557941022405,0.42323149089045
D00513,hsa155,15,0.428773666666667,0.194444,0.809524,18,0.228926839462703,0.167074022827675,0.42323149089045
D00996,hsa155,15,0.377089666666667,0.118421,0.764706,8,0.25316749952012,0.167655073757077,0.42323149089045
D01390,hsa155,15,0.450223866666667,0.144737,1,2,0.398894715956428,0.374557941022405,0.42323149089045
D01454,hsa155,15,0.396519333333333,0.153846,0.56,2,0.398894715956428,0.374557941022405,0.42323149089045
D02066,hsa155,15,0.3100884,0.192308,0.439024,2,0.398894715956428,0.374557941022405,0.42323149089045
D02149,hsa155,15,0.287471866666667,0.13253,0.541667,8,0.25316749952012,0.167655073757077,0.42323149089045
D02150,hsa155,15,0.450223866666667,0.144737,1,2,0.398894715956428,0.374557941022405,0.42323149089045
D02338,hsa155,15,0.355768733333333,0.17284,0.5,2,0.398894715956428,0.374557941022405,0.42323149089045
D02374,hsa155,15,0.3304898,0.157895,0.518519,2,0.398894715956428,0.374557941022405,0.42323149089045
D03415,hsa155,15,0.175442066666667,0.103448,0.364865,2,0.398894715956428,0.374557941022405,0.42323149089045
D03879,hsa155,15,0.3586994,0.146341,0.52,2,0.398894715956428,0.374557941022405,0.42323149089045
D00059,hsa1812,13,0.179890230769231,0.125,0.225806,1,0.175000639156168,0.175000639156168,0.175000639156168
D00110,hsa1812,13,0.222871,0.125,0.297297,2,0.169628692538796,0.134418266920231,0.204839118157361
D00270,hsa1812,13,0.460277769230769,0.194444,0.826087,6,0.237089662130263,0.151682494912183,0.528892898384835
D00283,hsa1812,13,0.461823923076923,0.193548,0.714286,24,0.210473490912197,0.106195441804736,0.528892898384835
D00454,hsa1812,13,0.401836076923077,0.16129,0.607143,21,0.197683334480334,0.106195441804736,0.528892898384835
D00493,hsa1812,13,0.537309923076923,0.181818,0.857143,5,0.240195767885043,0.106195441804736,0.528892898384835
D00503,hsa1812,13,0.484181461538462,0.171429,0.857143,3,0.205076726635156,0.175000639156168,0.23539042259194
D00560,hsa1812,13,0.371985538461538,0.170732,0.55,4,0.258954785862989,0.127086487753593,0.528892898384835
D00613,hsa1812,13,0.281034538461539,0.212121,0.368421,4,0.256481414870766,0.151682494912183,0.528892898384835
D00790,hsa1812,13,0.444792769230769,0.194444,0.826087,1,0.175000639156168,0.175000639156168,0.175000639156168
D01295,hsa1812,13,0.334421230769231,0.135135,0.55,4,0.253732024375775,0.106195441804736,0.528892898384835
D02354,hsa1812,13,0.510047153846154,0.171429,0.793103,10,0.142752921178665,0.106195441804736,0.186050741922116
D02361,hsa1812,13,0.388848769230769,0.179487,0.607143,13,0.160664252099175,0.106195441804736,0.23539042259194
D02671,hsa1812,13,0.471960076923077,0.176471,0.709677,4,0.27369584940512,0.175000639156168,0.528892898384835
D00059,hsa1813,21,0.176655809523809,0.107143,0.259259,1,0.175000639156168,0.175000639156168,0.175000639156168
D00136,hsa1813,21,0.372112047619048,0.176471,0.578947,3,0.320234038814326,0.242632775556031,0.454839409677914
D00270,hsa1813,21,0.430468476190476,0.169492,0.826087,6,0.24582183252061,0.155005006763224,0.454839409677914
D00283,hsa1813,21,0.433109047619048,0.193548,0.769231,24,0.197315628867959,0.144323125852695,0.283056116692642
D00454,hsa1813,21,0.375539,0.16129,0.607143,21,0.197780828057737,0.144323125852695,0.454839409677914
D00493,hsa1813,21,0.503128380952381,0.181818,0.857143,5,0.228561987552346,0.155005006763224,0.454839409677914
D00494,hsa1813,21,0.378958714285714,0.192982,0.76,10,0.17146690446613,0.152115048062554,0.189980971222645
D00503,hsa1813,21,0.461600523809524,0.171429,0.857143,3,0.271827731683104,0.175000639156168,0.454839409677914
D00560,hsa1813,21,0.368790952380952,0.148936,0.641026,4,0.219515114798638,0.0932154035972449,0.454839409677914
D00726,hsa1813,21,0.235259571428571,0.116279,0.333333,14,0.206522319858996,0.0563975047742027,0.454839409677914
D00790,hsa1813,21,0.415053952380952,0.169492,0.826087,1,0.175000639156168,0.175000639156168,0.175000639156168
D01164,hsa1813,21,0.371213666666667,0.157895,0.571429,5,0.252917607501201,0.176121133832082,0.454839409677914
D01295,hsa1813,21,0.312103952380952,0.116279,0.55,4,0.239646676250109,0.155005006763224,0.454839409677914
D02340,hsa1813,21,0.433109047619048,0.193548,0.769231,2,0.319531321219603,0.184223232761292,0.454839409677914
D02354,hsa1813,21,0.476375809523809,0.171429,0.793103,10,0.18585027635539,0.152115048062554,0.283056116692642
D02361,hsa1813,21,0.393234476190476,0.225806,0.76,13,0.184635518227212,0.152115048062554,0.283056116692642
D02671,hsa1813,21,0.432376142857143,0.176471,0.709677,4,0.242267072089649,0.155005006763224,0.454839409677914
D00110,hsa1814,12,0.214799583333333,0.135135,0.297297,2,0.150518758096854,0.096198398036346,0.204839118157361
D00136,hsa1814,12,0.39477275,0.2,0.578947,3,0.305965549345192,0.224826549141989,0.454839409677914
D00270,hsa1814,12,0.401313333333333,0.194444,0.703704,6,0.246684715610957,0.171175660208741,0.454839409677914
D00454,hsa1814,12,0.385598583333333,0.166667,0.607143,21,0.202306695485345,0.110642699641948,0.454839409677914
D00493,hsa1814,12,0.519461583333333,0.235294,0.857143,5,0.233152741361275,0.148712651498298,0.454839409677914
D00503,hsa1814,12,0.480291833333333,0.195122,0.857143,3,0.293097626311406,0.204839118157361,0.454839409677914
D00560,hsa1814,12,0.391872083333333,0.148936,0.578947,4,0.231843139232414,0.0965183688856383,0.454839409677914
D00726,hsa1814,12,0.215514333333333,0.116279,0.322581,14,0.22021622412516,0.0771829041565734,0.454839409677914
D01164,hsa1814,12,0.3854345,0.181818,0.571429,5,0.260322442345314,0.185690667633362,0.454839409677914
D01295,hsa1814,12,0.330785333333333,0.116279,0.55,4,0.244891709885579,0.148712651498298,0.454839409677914
D02340,hsa1814,12,0.442352416666667,0.176471,0.714286,2,0.320518138470988,0.186196867264062,0.454839409677914
D02671,hsa1814,12,0.422935416666667,0.228571,0.645161,4,0.25426276382702,0.171175660208741,0.454839409677914
D00283,hsa1815,3,0.534133,0.382353,0.612903,24,0.181621595975426,0.108264986588216,0.283056116692642
D00454,hsa1815,3,0.484226333333333,0.314286,0.607143,21,0.179693113511454,0.105977733659102,0.31654063096725
D02354,hsa1815,3,0.563202666666667,0.53125,0.612903,10,0.165590144495011,0.105977733659102,0.283056116692642
D02361,hsa1815,3,0.414031333333333,0.314286,0.545455,13,0.165175929581869,0.105977733659102,0.283056116692642
D00270,hsa1816,7,0.421291428571428,0.236842,0.703704,6,0.218550065112598,0.138125630432341,0.528892898384835
D00283,hsa1816,7,0.497905285714286,0.324324,0.714286,24,0.1869342681762,0.095194686826255,0.528892898384835
D00454,hsa1816,7,0.442046714285714,0.333333,0.607143,21,0.178357211350722,0.095194686826255,0.528892898384835
D00493,hsa1816,7,0.549295428571429,0.307692,0.714286,5,0.222177977626709,0.095194686826255,0.528892898384835
D00560,hsa1816,7,0.414721857142857,0.276596,0.55,4,0.244499522741646,0.122924525609784,0.528892898384835
D00613,hsa1816,7,0.300431714285714,0.236842,0.368421,4,0.242950932578757,0.138125630432341,0.528892898384835
D01295,hsa1816,7,0.378601714285714,0.255814,0.55,4,0.237567063045764,0.095194686826255,0.528892898384835
D02671,hsa1816,7,0.473056142857143,0.35,0.645161,4,0.253923800326823,0.155005006763224,0.528892898384835
D00775,hsa2912,1,0.035714,0.035714,0.035714,7,0.435083228753451,0.343546246066606,0.696861492066509
D03966,hsa2912,1,0.035714,0.035714,0.035714,3,0.51036398894191,0.411538507512999,0.696861492066509
D00775,hsa2913,1,0.035714,0.035714,0.035714,7,0.435642068878727,0.335068075847114,0.696861492066509
D03966,hsa2913,1,0.035714,0.035714,0.035714,3,0.514913365223986,0.423847517520515,0.696861492066509
D00775,hsa2916,1,0.035714,0.035714,0.035714,7,0.508324481313336,0.311991277352112,0.700963503617191
D03966,hsa2916,1,0.035714,0.035714,0.035714,3,0.515895518982782,0.422691967246221,0.700963503617191
D00775,hsa2918,2,0.09478,0.035714,0.153846,7,0.528947254932055,0.31571929569444,0.768153851429257
D03966,hsa2918,2,0.0544425,0.035714,0.073171,3,0.512116509550235,0.411538507512999,0.700963503617191
D00234,hsa3269,25,0.36860404,0.22,0.552632,2,0.153712970219044,0.133052037577735,0.174373902860352
D00283,hsa3269,25,0.43590732,0.217391,0.714286,24,0.142713906922971,0.095194686826255,0.210723382965829
D00300,hsa3269,25,0.40253488,0.210526,0.575758,2,0.153712970219044,0.133052037577735,0.174373902860352
D00454,hsa3269,25,0.37629388,0.225,0.607143,21,0.144851306455822,0.095194686826255,0.210723382965829
D00493,hsa3269,25,0.47885828,0.268293,0.793103,5,0.127172475497438,0.095194686826255,0.173741649403132
D00494,hsa3269,25,0.441134,0.236842,0.952381,10,0.172428824714483,0.112017947954767,0.210723382965829
D01295,hsa3269,25,0.37207072,0.145833,0.655172,4,0.130961107383105,0.095194686826255,0.173741649403132
D01713,hsa3269,25,0.35550556,0.175,0.482759,7,0.131132362668125,0.101528116272236,0.171781953028775
D01717,hsa3269,25,0.34178944,0.204082,0.488372,1,0.0410129826638449,0.0410129826638449,0.0410129826638449
D02327,hsa3269,25,0.35871964,0.222222,0.666667,1,0.203440198188876,0.203440198188876,0.203440198188876
D02354,hsa3269,25,0.45571148,0.255814,0.793103,10,0.164931566770527,0.106195441804736,0.210723382965829
D02361,hsa3269,25,0.40247268,0.255814,0.76,13,0.152192050878699,0.101528116272236,0.210723382965829
D02566,hsa3269,25,0.4216972,0.230769,0.615385,3,0.143621834435405,0.123439562868129,0.174373902860352
D03621,hsa3269,25,0.44216124,0.146341,0.655172,3,0.199805231553136,0.185252113504702,0.210723382965829
D05129,hsa3269,25,0.23969444,0.145833,0.384615,3,0.0487895079874789,0.0351603227885876,0.0585349671608797
D00318,hsa3274,6,0.255033,0.111111,0.322581,2,0.119991911767165,0.119662232924246,0.120321590610083
D01713,hsa3274,6,0.0966916666666667,0.078947,0.117647,7,0.189457339384536,0.145570181457657,0.239436380829072
D00283,hsa3350,6,0.327038333333333,0.194444,0.472222,24,0.240960517892752,0.163339338236944,0.37087577173232
D00451,hsa3350,6,0.299285,0.195122,0.411765,10,0.261887563113341,0.175641372426508,0.37087577173232
D00513,hsa3350,6,0.267129,0.205128,0.407407,18,0.246774243651069,0.175641372426508,0.37087577173232
D00726,hsa3350,6,0.252233833333333,0.194444,0.333333,14,0.243967025794335,0.0662162464464306,0.37087577173232
D01051,hsa3350,6,0.328793166666667,0.195122,0.512821,5,0.229573390012152,0.184543962846167,0.257553093101474
D01164,hsa3350,6,0.3329945,0.219512,0.475,5,0.218126396422532,0.184543962846167,0.267949961218775
D01973,hsa3350,6,0.345606666666667,0.230769,0.416667,6,0.308739917586576,0.192132291420308,0.37087577173232
D00283,hsa3351,9,0.260237444444444,0.186047,0.416667,24,0.260672117117347,0.169448234313143,0.619576366281789
D00415,hsa3351,9,0.368134111111111,0.257143,0.576923,1,0.619576366281789,0.619576366281789,0.619576366281789
D00451,hsa3351,9,0.416178222222222,0.228571,0.714286,10,0.319509045729175,0.198764028366963,0.619576366281789
D00513,hsa3351,9,0.291379666666667,0.205882,0.407407,18,0.282740323843192,0.198764028366963,0.619576366281789
D00675,hsa3351,9,0.363527222222222,0.177778,0.470588,1,0.619576366281789,0.619576366281789,0.619576366281789
D00676,hsa3351,9,0.365944,0.186047,0.714286,2,0.539727933013173,0.459879499744557,0.619576366281789
D00726,hsa3351,9,0.252668111111111,0.178571,0.333333,14,0.278942769295083,0.0499149369868739,0.619576366281789
D01973,hsa3351,9,0.334740333333333,0.230769,0.461538,6,0.390850681973537,0.200864178339197,0.619576366281789
D02826,hsa3351,9,0.243807,0.129032,0.342857,1,0.619576366281789,0.619576366281789,0.619576366281789
D05740,hsa3351,9,0.278439777777778,0.129032,0.470588,1,0.619576366281789,0.619576366281789,0.619576366281789
D00283,hsa3352,9,0.260237444444444,0.186047,0.416667,24,0.261610467097587,0.160651690312677,0.619576366281789
D00415,hsa3352,9,0.368134111111111,0.257143,0.576923,1,0.619576366281789,0.619576366281789,0.619576366281789
D00451,hsa3352,9,0.416178222222222,0.228571,0.714286,10,0.322895329593409,0.202427440471483,0.619576366281789
D00513,hsa3352,9,0.291379666666667,0.205882,0.407407,18,0.283140660024781,0.202427440471483,0.619576366281789
D00675,hsa3352,9,0.363527222222222,0.177778,0.470588,1,0.619576366281789,0.619576366281789,0.619576366281789
D00676,hsa3352,9,0.365944,0.186047,0.714286,2,0.533600024457997,0.447623682634205,0.619576366281789
D00726,hsa3352,9,0.252668111111111,0.178571,0.333333,14,0.282381997745158,0.0630140147862538,0.619576366281789
D01973,hsa3352,9,0.334740333333333,0.230769,0.461538,6,0.39130852263417,0.204330638679768,0.619576366281789
D02826,hsa3352,9,0.243807,0.129032,0.342857,1,0.619576366281789,0.619576366281789,0.619576366281789
D05740,hsa3352,9,0.278439777777778,0.129032,0.470588,1,0.619576366281789,0.619576366281789,0.619576366281789
D00283,hsa3354,4,0.261391,0.194444,0.416667,24,0.248492737966662,0.155273548696039,0.551267650377457
D00451,hsa3354,4,0.345269,0.228571,0.411765,10,0.310601061346785,0.198489652814329,0.551267650377457
D00513,hsa3354,4,0.29171925,0.205882,0.407407,18,0.270327944764185,0.198489652814329,0.551267650377457
D00726,hsa3354,4,0.26722275,0.194444,0.333333,14,0.269791790024755,0.0575413885498214,0.551267650377457
D01973,hsa3354,4,0.325611,0.230769,0.416667,6,0.369348921327223,0.2022774819201,0.551267650377457
D00283,hsa3355,6,0.268994,0.186047,0.416667,24,0.260125906153333,0.180699039153802,0.551267650377457
D00451,hsa3355,6,0.435433833333333,0.228571,0.714286,10,0.320302914888736,0.2060339247169,0.551267650377457
D00513,hsa3355,6,0.298943833333333,0.205882,0.407407,18,0.276906742908166,0.200408209516237,0.551267650377457
D00676,hsa3355,6,0.369419166666667,0.186047,0.714286,2,0.453751591189381,0.447623682634205,0.459879499744557
D00726,hsa3355,6,0.264865333333333,0.194444,0.333333,14,0.279194859015433,0.061726992898709,0.551267650377457
D01973,hsa3355,6,0.368589166666667,0.230769,0.575758,6,0.381660254395655,0.209691852063419,0.551267650377457
D00270,hsa3356,18,0.445392944444444,0.27027,0.703704,6,0.166096969622558,0.136585625862236,0.186196867264062
D00283,hsa3356,18,0.463822611111111,0.194444,0.769231,24,0.195066608917151,0.112017947954767,0.463746909210543
D00426,hsa3356,18,0.304469444444444,0.2,0.410256,3,0.173895412983884,0.156202896266647,0.1883941513506
D00451,hsa3356,18,0.282688666666667,0.176471,0.413793,10,0.249573326689992,0.184543962846167,0.463746909210543
D00454,hsa3356,18,0.405051166666667,0.166667,0.607143,21,0.171061385663716,0.106417843067026,0.463746909210543
D00493,hsa3356,18,0.511043277777778,0.25,0.793103,5,0.165822085170546,0.112017947954767,0.186196867264062
D00494,hsa3356,18,0.411489111111111,0.219512,0.76,10,0.127638466477478,0.106417843067026,0.184223232761292
D00513,hsa3356,18,0.269139055555556,0.1875,0.407407,18,0.214346031852142,0.136585625862236,0.463746909210543
D00563,hsa3356,18,0.421461111111111,0.142857,0.863636,3,0.24774541634931,0.136585625862236,0.463746909210543
D00726,hsa3356,18,0.243132333333333,0.142857,0.352941,14,0.216891034944583,0.0575546230206043,0.463746909210543
D01051,hsa3356,18,0.3689915,0.195122,0.542857,5,0.182937700162783,0.156202896266647,0.208458299016095
D01164,hsa3356,18,0.380764277777778,0.219512,0.571429,5,0.281438869907433,0.184223232761292,0.463746909210543
D01358,hsa3356,18,0.462640777777778,0.171429,0.863636,3,0.173895412983884,0.156202896266647,0.1883941513506
D01713,hsa3356,18,0.3715065,0.176471,0.708333,7,0.156776470890523,0.112017947954767,0.1883941513506
D02340,hsa3356,18,0.463822611111111,0.194444,0.769231,2,0.185210050012677,0.184223232761292,0.186196867264062
D02354,hsa3356,18,0.488385277777778,0.27027,0.793103,10,0.168182728976501,0.106417843067026,0.463746909210543
D02361,hsa3356,18,0.407397722222222,0.227273,0.76,13,0.169501040670512,0.106417843067026,0.463746909210543
D02671,hsa3356,18,0.448728666666667,0.243243,0.709677,4,0.17927311947449,0.160621635950492,0.186196867264062
D00283,hsa3357,5,0.3035572,0.194444,0.472222,24,0.181108129644498,0.104729855632005,0.393907167957341
D00451,hsa3357,5,0.3201176,0.219512,0.411765,10,0.227055577373765,0.155113436163074,0.393907167957341
D00513,hsa3357,5,0.2795292,0.205882,0.407407,18,0.195481014416834,0.133119294057334,0.393907167957341
D00726,hsa3357,5,0.2576806,0.194444,0.333333,14,0.202235655271805,0.0682732502847459,0.393907167957341
D01164,hsa3357,5,0.3045934,0.219512,0.472222,5,0.267266927659639,0.176121133832082,0.393907167957341
D01973,hsa3357,5,0.3366792,0.230769,0.416667,6,0.199740364774761,0.189145746225771,0.209691852063419
D00283,hsa3358,9,0.391164666666667,0.194444,0.612903,24,0.201197189541442,0.109660309719735,0.463746909210543
D00451,hsa3358,9,0.308703555555556,0.212121,0.461538,10,0.255871035414246,0.193275091143816,0.463746909210543
D00454,hsa3358,9,0.372880444444444,0.166667,0.607143,21,0.176240592675118,0.106084584165478,0.463746909210543
D00513,hsa3358,9,0.296491444444444,0.205882,0.44,18,0.22152569319444,0.156573895920183,0.463746909210543
D00563,hsa3358,9,0.352596777777778,0.142857,0.555556,3,0.259015793876428,0.156573895920183,0.463746909210543
D00726,hsa3358,9,0.270255444444444,0.142857,0.461538,14,0.225630600297092,0.056566316635281,0.463746909210543
D01164,hsa3358,9,0.343468888888889,0.219512,0.540541,5,0.292468738067121,0.197177906313979,0.463746909210543
D02354,hsa3358,9,0.436008333333333,0.27027,0.612903,10,0.170998712305065,0.106084584165478,0.463746909210543
D02361,hsa3358,9,0.368148111111111,0.3125,0.545455,13,0.174665065473893,0.106084584165478,0.463746909210543
D02578,hsa3358,9,0.367325222222222,0.28125,0.461538,1,0.116490614101535,0.116490614101535,0.116490614101535
D00274,hsa3360,7,0.388238142857143,0.25,0.542857,2,0.127652001894688,0.121950844810844,0.133353158978532
D00283,hsa3360,7,0.267458714285714,0.194444,0.375,24,0.187006697732126,0.121950844810844,0.26850631557051
D00451,hsa3360,7,0.299061,0.2,0.448276,10,0.200000391974503,0.159076453482256,0.224639607032961
D00513,hsa3360,7,0.284908857142857,0.176471,0.428571,18,0.200814899843623,0.140310072717326,0.259899784833469
D00726,hsa3360,7,0.348137714285714,0.194444,0.448276,14,0.18290881407066,0.070289060525687,0.224639607032961
D00283,hsa3361,3,0.209632333333333,0.194444,0.228571,24,0.211435303517482,0.122250203642528,0.30353811110937
D00451,hsa3361,3,0.323103666666667,0.228571,0.407407,10,0.240149702618842,0.155113436163074,0.30353811110937
D00513,hsa3361,3,0.307878,0.205882,0.407407,18,0.225400909414741,0.155113436163074,0.30353811110937
D00726,hsa3361,3,0.279374,0.194444,0.333333,14,0.213707559299074,0.0541295844640192,0.30353811110937
D00283,hsa3362,4,0.30901,0.194444,0.607143,24,0.179126712727908,0.0990571864062886,0.241189528156684
D00451,hsa3362,4,0.30115125,0.228571,0.407407,10,0.197936953087808,0.164678896257083,0.217109733244891
D00454,hsa3362,4,0.314776,0.166667,0.607143,21,0.168721310555889,0.0984320642289962,0.241189528156684
D00513,hsa3362,4,0.2934085,0.205882,0.407407,18,0.196679993537419,0.146086569889028,0.237788782212641
D00726,hsa3362,4,0.25119725,0.166667,0.333333,14,0.176943676849247,0.0407289427464846,0.217109733244891
D00283,hsa3363,2,0.4305555,0.416667,0.444444,24,0.208027335248238,0.107320116425397,0.275356755225667
D01051,hsa3363,2,0.417344,0.390244,0.444444,5,0.236311319334609,0.208458299016095,0.257553093101474
D01973,hsa3363,2,0.4034555,0.390244,0.416667,6,0.255644426421716,0.189145746225771,0.275356755225667
D00437,hsa3577,9,0.144961,0,0.236842,8,0.0967850138002377,0.0837489687409376,0.120518556572216
D00528,hsa3577,9,0.17739,0,0.25,13,0.152794122340017,0.0882379809898101,0.220932125548993
D00560,hsa4985,1,0.1875,0.1875,0.1875,4,0.109936196461565,0.0932154035972449,0.127086487753593
D05312,hsa4985,1,0.1875,0.1875,0.1875,2,0.567377869735972,0.555702011202589,0.579053728269355
D00110,hsa4986,3,0.270178666666667,0.191489,0.333333,2,0.115308332478289,0.096198398036346,0.134418266920231
D00837,hsa4986,3,0.305684333333333,0.191489,0.368421,1,0.562586769232841,0.562586769232841,0.562586769232841
D00838,hsa4986,3,0.371849,0.333333,0.413793,1,0.562586769232841,0.562586769232841,0.562586769232841
D05312,hsa4986,3,0.352216666666667,0.285714,0.413793,2,0.559144390217715,0.555702011202589,0.562586769232841
D00837,hsa4988,8,0.29374925,0.111111,0.475,1,0.562586769232841,0.562586769232841,0.562586769232841
D00838,hsa4988,8,0.317648625,0.128205,0.56,1,0.562586769232841,0.562586769232841,0.562586769232841
D05312,hsa4988,8,0.33963775,0.139535,0.714286,2,0.570820248751098,0.562586769232841,0.579053728269355
D00411,hsa57105,1,0.214286,0.214286,0.214286,3,0.181867957113332,0.0775819753616354,0.329720966576049
D05129,hsa57105,1,0.214286,0.214286,0.214286,3,0.139008214651864,0.0346304433665736,0.329720966576049
D00180,hsa5731,3,0.479273666666667,0.425,0.512821,2,0.162886875779415,0.149819684009309,0.175954067549521
D02721,hsa5731,3,0.427199,0.318182,0.5,1,0.149819684009309,0.149819684009309,0.149819684009309
D02725,hsa5731,3,0.354394,0.318182,0.425,1,0.200576763423465,0.200576763423465,0.200576763423465
D00180,hsa5732,2,0.6066175,0.588235,0.625,2,0.258173439385468,0.175954067549521,0.340392811221414
D00419,hsa5732,2,0.6875,0.625,0.75,1,0.169524465139455,0.169524465139455,0.169524465139455
D00419,hsa5733,2,0.4228885,0.372093,0.473684,1,0.169524465139455,0.169524465139455,0.169524465139455
D02725,hsa5733,2,0.510371,0.372093,0.648649,1,0.200576763423465,0.200576763423465,0.200576763423465
D01352,hsa5737,2,0.4039855,0.391304,0.416667,1,0.163385771873459,0.163385771873459,0.163385771873459
D00180,hsa5739,3,0.639806666666667,0.5,0.851852,2,0.245106247615362,0.149819684009309,0.340392811221414
D01352,hsa5739,3,0.566570333333333,0.475,0.657143,1,0.163385771873459,0.163385771873459,0.163385771873459
D02721,hsa5739,3,0.506818333333333,0.475,0.545455,1,0.149819684009309,0.149819684009309,0.149819684009309
D00234,hsa59340,5,0.3144504,0.125,0.461538,2,0.226238225709741,0.133052037577735,0.319424413841747
D00283,hsa59340,5,0.3405604,0.075,0.466667,24,0.147833623408889,0.108264986588216,0.190936033070787
D00300,hsa59340,5,0.365208,0.147059,0.56,2,0.226238225709741,0.133052037577735,0.319424413841747
D00318,hsa59340,5,0.1194118,0.075,0.147059,2,0.219543323382997,0.119662232924246,0.319424413841747
D00494,hsa59340,5,0.3724882,0.111111,0.56,10,0.161223954701822,0.130802030263375,0.319424413841747
D02566,hsa59340,5,0.3961112,0.138889,0.518519,3,0.204629925813593,0.133052037577735,0.319424413841747
D00528,hsa64805,2,0.0845865,0.026316,0.142857,13,0.155630228674371,0.0601483766052978,0.448299642961062
D00442,hsa6752,1,0.851852,0.851852,0.851852,1,0.456492073227889,0.456492073227889,0.456492073227889
D02250,hsa6752,1,0.666667,0.666667,0.666667,2,0.494739513595082,0.4580412954095,0.531437731780663
D00524,hsa8843,3,0.170345,0.045455,0.291667,2,0.0510002912715144,0.0476946242502159,0.0543059582928129
D00726,hsa8843,3,0.198604666666667,0.142857,0.291667,14,0.0595601231834643,0.0407289427464846,0.0771829041565734
